7 0.062937 0.833377 0.124344 0.197255
7 0.017664 0.882017 0.034891 0.224845
7 0.672516 0.888532 0.654969 0.070764
7 0.672562 0.861945 0.654875 0.046181
7 0.609563 0.818365 0.672906 0.059642
7 0.075344 0.710465 0.049188 0.052291
7 0.021648 0.709737 0.043141 0.049690
7 0.612773 0.863258 0.734766 0.056635
7 0.672914 0.929940 0.654172 0.077303
7 0.477422 0.897196 0.639750 0.082888
7 0.462281 0.938878 0.674063 0.058616
7 0.049250 0.851002 0.095844 0.195561
7 0.592406 0.792291 0.539594 0.055752
7 0.655102 0.821623 0.667984 0.045346
