32 0.915625 0.703125 0.068750 0.140625
32 0.083328 0.247578 0.064062 0.129687
32 0.198219 0.245953 0.064063 0.129688
32 0.319578 0.249187 0.064062 0.129687
32 0.439844 0.250781 0.064062 0.129688
32 0.558594 0.250000 0.064062 0.128125
32 0.678125 0.247656 0.064062 0.134375
32 0.799219 0.249219 0.060937 0.134375
32 0.918750 0.247656 0.062500 0.134375
32 0.082812 0.471875 0.068750 0.146875
32 0.185938 0.469531 0.073438 0.153125
32 0.289844 0.471875 0.070312 0.146875
32 0.393750 0.467187 0.073438 0.156250
32 0.496875 0.478125 0.062500 0.135937
32 0.600000 0.471094 0.070312 0.145313
32 0.704688 0.465625 0.078125 0.157812
32 0.806250 0.472656 0.070312 0.146875
32 0.911719 0.466406 0.078125 0.157812
32 0.082031 0.698438 0.073438 0.148438
32 0.201563 0.699219 0.071875 0.150000
32 0.320312 0.693750 0.076563 0.159375
32 0.439844 0.696094 0.073438 0.156250
32 0.558594 0.696875 0.075000 0.153125
32 0.676562 0.697656 0.071875 0.150000
32 0.078906 0.931250 0.062500 0.134375
32 0.198437 0.921094 0.071875 0.148438
32 0.317188 0.922656 0.073438 0.150000
32 0.436719 0.916406 0.076563 0.162500
32 0.557813 0.928906 0.065625 0.134375
32 0.675000 0.921094 0.070312 0.150000
32 0.796875 0.692969 0.076563 0.160938
32 0.794531 0.921875 0.070312 0.150000
32 0.912500 0.916406 0.078125 0.160938
